0 333 1 
1 123 1 
2 537 1 
3 182 1 
4 135 1 
5 119 1 
6 333 1 
7 1791 1 
8 968 1 
9 852 1 
10 72 1 
11 1467 1 
12 1150 1 
13 1467 1 
14 1653 1 
15 1268 1 
16 1777 1 
17 1804 1 
18 1801 1 
19 87 1 
20 398 1 
21 1655 1 
22 1791 1 
23 1072 1 
24 1320 1 
25 1435 1 
26 316 1 
27 78 1 
28 0 1 
29 270 1 
30 1616 1 
31 2 1 
32 1726 1 
33 123 1 
34 890 1 
35 5 1 
36 3 1 
37 1582 1 
38 5 1 
39 1146 1 
40 127 1 
41 316 1 
42 363 1 
43 1467 1 
44 1467 1 
45 852 1 
46 1328 1 
47 316 1 
48 968 1 
49 479 1 
50 127 1 
51 1742 1 
52 398 1 
53 521 1 
54 316 1 
55 521 1 
56 1319 1 
57 1467 1 
58 1310 1 
59 968 1 
60 1638 1 
61 187 1 
62 596 1 
63 584 1 
64 521 1 
65 508 1 
66 968 1 
67 968 1 
68 1146 1 
69 1309 1 
70 1321 1 
71 968 1 
72 1605 1 
73 1328 1 
74 1605 1 
75 1220 1 
76 1281 1 
77 1467 1 
78 823 1 
79 277 1 
80 1327 1 
81 789 1 
82 1650 1 
83 1139 1 
84 1857 1 
85 1319 1 
86 1310 1 
87 316 1 
88 1281 1 
89 667 1 
90 1146 1 
91 1310 1 
92 316 1 
93 5 1 
94 810 1 
95 1587 1 
96 1687 1 
97 1742 1 
98 425 1 
99 182 1 
100 731 1 
101 1467 1 
102 1354 1 
103 379 1 
104 579 1 
105 270 1 
106 1696 1 
107 1006 1 
108 1327 1 
109 922 2 
110 1027 1 
111 744 1 
112 90 1 
113 100 1 
114 1517 1 
115 1418 1 
116 1319 1 
117 1467 1 
118 388 1 
119 147 1 
120 168 1 
121 1406 1 
122 1080 1 
123 890 1 
124 127 1 
125 1320 1 
126 1839 1 
127 1658 1 
128 182 1 
129 1039 1 
130 1693 1 
131 674 2 
132 1467 1 
133 1454 1 
134 1321 1 
135 1327 1 
136 1016 1 
137 1234 1 
138 545 1 
139 970 1 
140 1812 1 
141 581 1 
142 1614 1 
143 968 1 
144 1319 1 
145 783 1 
146 1278 1 
147 951 1 
148 669 1 
149 1310 1 
150 1614 1 
151 1640 1 
152 1002 1 
153 1742 1 
154 1418 1 
155 959 1 
156 79 1 
157 5 1 
158 1640 2 
159 1467 1 
160 966 1 
161 72 1 
162 1586 1 
163 258 1 
164 1467 1 
165 968 1 
166 521 1 
167 168 1 
168 187 1 
169 376 1 
170 182 1 
171 584 1 
172 1638 1 
173 1525 1 
174 187 1 
175 1696 1 
176 1270 1 
177 5 2 
178 1319 1 
179 1068 1 
180 363 1 
181 147 1 
182 1791 1 
183 1467 1 
184 1349 1 
185 968 1 
186 968 1 
187 1772 1 
188 79 1 
189 742 1 
190 970 1 
191 316 1 
192 890 1 
193 1879 1 
194 1570 1 
195 1820 1 
196 546 1 
197 968 1 
198 1605 1 
199 123 1 
200 66 1 
201 537 1 
202 376 1 
203 331 1 
204 258 1 
205 579 1 
206 384 1 
207 1274 1 
208 3 1 
209 1328 1 
210 1484 1 
211 72 1 
212 1319 1 
213 1653 1 
214 1582 1 
215 1041 1 
216 968 1 
217 398 1 
218 52 1 
219 1495 1 
220 1742 1 
221 1467 1 
222 1319 1 
223 829 1 
224 792 1 
225 968 1 
226 139 1 
227 1559 1 
228 3 1 
229 1484 1 
230 1386 1 
231 1475 1 
232 695 1 
233 376 1 
234 1467 1 
235 1706 1 
236 1616 1 
237 1468 1 
238 1460 1 
239 1281 1 
240 1467 1 
241 1857 1 
242 317 1 
243 1146 1 
244 2 1 
245 337 1 
246 1864 1 
247 1559 1 
248 1809 1 
249 316 1 
250 228 1 
251 546 1 
252 1406 1 
253 744 1 
254 977 1 
255 1321 1 
256 1683 1 
257 1662 1 
258 1467 1 
259 842 1 
260 2 1 
261 829 1 
262 951 1 
263 1011 1 
264 521 1 
265 14 1 
266 1791 1 
267 1319 1 
268 79 1 
269 1319 1 
270 742 1 
271 270 1 
272 1871 2 
273 566 1 
274 1051 1 
275 79 1 
276 1566 1 
277 333 1 
278 1268 1 
279 521 1 
280 968 1 
281 951 1 
282 1605 1 
283 1495 1 
284 549 1 
285 1108 2 
286 1068 1 
287 5 1 
288 1468 1 
289 1328 1 
290 810 1 
291 113 1 
292 1605 1 
293 545 1 
294 509 1 
295 1504 1 
296 139 1 
297 1467 1 
298 1290 1 
299 890 1 
300 836 1 
301 79 1 
302 528 1 
303 1319 1 
304 95 1 
305 905 1 
306 676 1 
307 106 1 
308 316 1 
309 968 1 
310 207 1 
