0 337 1 
1 1511 1 
2 1707 1 
3 1658 1 
4 1528 1 
5 103 1 
6 321 1 
7 1721 1 
8 1764 1 
9 321 1 
10 299 1 
11 321 1 
12 1704 1 
13 1816 1 
14 786 1 
15 993 1 
16 1369 1 
17 369 1 
18 1805 1 
19 866 1 
20 786 1 
21 1335 1 
22 1428 1 
23 0 1 
24 1381 1 
25 4 1 
26 713 1 
27 866 1 
28 1528 1 
29 769 1 
30 1337 1 
31 1146 1 
32 4 1 
33 1008 1 
34 1277 1 
35 1670 1 
36 1760 1 
37 877 1 
38 868 1 
39 938 1 
40 600 1 
41 1376 1 
42 465 1 
43 1851 1 
44 1380 1 
45 1369 1 
46 1315 1 
47 321 1 
48 868 1 
49 538 1 
50 582 1 
51 631 1 
52 408 1 
53 124 1 
54 188 1 
55 1945 1 
56 713 1 
57 971 1 
58 945 1 
59 599 1 
60 1108 1 
61 1369 1 
62 523 1 
63 564 1 
64 95 2 
65 1511 1 
66 1181 1 
67 176 1 
68 562 1 
69 1760 1 
70 188 1 
71 1008 1 
72 1647 1 
73 562 1 
74 545 1 
75 1682 1 
76 1888 1 
77 1622 1 
78 1008 1 
79 1043 1 
80 1528 1 
81 815 1 
82 1718 1 
83 1188 1 
84 1933 1 
85 1369 1 
86 1359 1 
87 321 1 
88 1331 1 
89 687 1 
90 1195 1 
91 1359 1 
92 321 1 
93 4 1 
94 838 1 
95 1652 1 
96 1756 1 
97 1816 1 
98 432 1 
99 188 1 
100 756 1 
101 1528 1 
102 1405 1 
103 389 1 
104 594 1 
105 274 1 
106 1768 1 
107 1047 1 
108 1376 1 
109 957 2 
110 1072 1 
111 769 1 
112 96 1 
113 103 1 
114 1579 1 
115 1476 1 
116 1369 1 
117 1528 1 
118 398 1 
119 151 1 
120 175 1 
121 1465 1 
122 1130 1 
123 920 1 
124 133 1 
125 1370 1 
126 1915 1 
127 1726 1 
128 188 1 
129 1084 1 
130 1762 1 
131 695 2 
132 1528 1 
133 1515 1 
134 1371 1 
135 1376 1 
136 1058 1 
137 928 1 
138 561 1 
139 1010 1 
140 1888 1 
141 596 1 
142 1682 1 
143 1008 1 
144 1369 1 
145 809 1 
146 1181 1 
147 989 1 
148 690 1 
149 1359 1 
150 1682 1 
151 1707 1 
152 1043 1 
153 1816 1 
154 1476 1 
155 996 1 
156 82 1 
157 4 1 
158 1707 2 
159 1528 1 
160 1006 1 
161 75 1 
162 1651 1 
163 262 1 
164 1528 1 
165 1008 1 
166 538 1 
167 175 1 
168 192 1 
169 386 1 
170 188 1 
171 600 1 
172 1704 1 
173 1587 1 
174 192 1 
175 1768 1 
176 1319 1 
177 4 2 
178 1369 1 
179 1117 1 
180 369 1 
181 151 1 
182 1866 1 
183 1528 1 
184 1399 1 
185 1008 1 
186 1008 1 
187 1847 1 
188 82 1 
189 767 1 
190 1010 1 
191 321 1 
192 1054 1 
193 1958 1 
194 1633 1 
195 246 1 
196 562 1 
197 1008 1 
198 1670 1 
199 129 1 
200 69 1 
201 552 1 
202 386 1 
203 336 1 
204 262 1 
205 594 1 
206 394 1 
207 1324 1 
208 3 1 
209 1377 1 
210 1546 1 
211 75 1 
212 1369 1 
213 1721 1 
214 1646 1 
215 1090 1 
216 1008 1 
217 786 1 
218 51 1 
219 551 1 
220 1816 1 
221 1528 1 
222 1369 1 
223 859 1 
224 819 1 
225 1008 1 
226 143 1 
227 1622 1 
228 3 1 
229 1546 1 
230 1441 1 
231 1535 1 
232 717 1 
233 386 1 
234 1528 1 
235 1780 1 
236 1684 1 
237 1529 1 
238 1519 1 
239 1331 1 
240 1528 1 
241 1933 1 
242 322 1 
243 1195 1 
244 2 1 
245 341 1 
246 1940 1 
247 1622 1 
248 1885 1 
249 321 1 
250 233 1 
251 562 1 
252 1465 1 
253 769 1 
254 1018 1 
255 1371 1 
256 1751 1 
257 1730 1 
258 1528 1 
259 873 1 
260 2 1 
261 859 1 
262 989 1 
263 1052 1 
264 538 1 
265 13 1 
266 1866 1 
267 1369 1 
268 82 1 
269 1369 1 
270 767 1 
271 274 1 
272 1950 2 
273 582 1 
274 1099 1 
275 82 1 
276 1629 1 
277 337 1 
278 1317 1 
279 538 1 
280 1008 1 
281 989 1 
282 1670 1 
283 4 1 
284 564 1 
285 723 2 
286 1117 1 
287 4 1 
288 1529 1 
289 1377 1 
290 838 1 
291 116 1 
292 1670 1 
293 561 1 
294 523 1 
295 1565 1 
296 143 1 
297 1528 1 
298 1339 1 
299 920 1 
300 866 1 
301 82 1 
302 545 1 
303 1369 1 
304 98 1 
305 938 1 
306 697 1 
307 109 1 
308 321 1 
309 1008 1 
310 212 1 
