0 349 1 
1 1494 1 
2 1685 1 
3 1642 1 
4 1512 1 
5 105 1 
6 332 1 
7 1698 1 
8 1739 1 
9 332 1 
10 309 1 
11 332 1 
12 1682 1 
13 1786 1 
14 797 1 
15 995 1 
16 1358 1 
17 7 1 
18 1777 1 
19 873 1 
20 797 1 
21 1319 1 
22 1413 1 
23 0 1 
24 1370 1 
25 5 1 
26 720 1 
27 873 1 
28 1512 1 
29 780 1 
30 1321 1 
31 498 2 
32 5 1 
33 1010 1 
34 1266 1 
35 1652 1 
36 1736 1 
37 884 1 
38 875 1 
39 941 1 
40 607 1 
41 1366 1 
42 473 1 
43 1822 1 
44 1369 1 
45 1358 1 
46 1301 1 
47 332 1 
48 875 1 
49 540 1 
50 590 1 
51 638 1 
52 418 1 
53 126 1 
54 194 1 
55 1909 1 
56 720 1 
57 974 1 
58 949 1 
59 606 1 
60 1105 1 
61 1358 1 
62 526 1 
63 571 1 
64 96 2 
65 1494 1 
66 1175 1 
67 180 1 
68 567 1 
69 1736 1 
70 194 1 
71 1010 1 
72 1630 1 
73 567 1 
74 547 1 
75 1661 1 
76 1859 1 
77 1607 1 
78 1010 1 
79 1041 1 
80 1512 1 
81 131 1 
82 556 1 
83 194 1 
84 142 1 
85 125 1 
86 349 1 
87 1838 1 
88 1010 1 
89 890 1 
90 76 1 
91 1512 1 
92 1192 1 
93 1512 1 
94 1698 1 
95 1303 1 
96 1823 1 
97 1851 1 
98 1848 1 
99 93 1 
100 418 1 
101 21 1 
102 1838 1 
103 1118 1 
104 1359 1 
105 1478 1 
106 332 1 
107 82 1 
108 0 1 
109 284 1 
110 1663 1 
111 2 1 
112 1772 1 
113 131 1 
114 925 1 
115 5 1 
116 3 1 
117 1629 1 
118 5 1 
119 1188 1 
120 134 1 
121 332 1 
122 380 1 
123 1512 1 
124 1512 1 
125 890 1 
126 1367 1 
127 332 1 
128 1010 1 
129 500 1 
130 134 1 
131 1786 1 
132 418 1 
133 540 1 
134 332 1 
135 540 1 
136 1358 1 
137 1512 1 
138 1347 1 
139 1010 1 
140 1682 1 
141 199 1 
142 620 1 
143 607 1 
144 540 1 
145 525 1 
146 1010 1 
147 1010 1 
148 1188 1 
149 1346 1 
150 1361 1 
151 1010 1 
152 1652 1 
153 1367 1 
154 1652 1 
155 1259 1 
156 1315 1 
157 1512 1 
158 860 1 
159 292 1 
160 1366 1 
161 827 1 
162 1695 1 
163 1181 1 
164 1900 1 
165 1358 1 
166 1347 1 
167 332 1 
168 1315 1 
169 694 1 
170 1188 1 
171 1347 1 
172 332 1 
173 5 1 
174 851 1 
175 1635 1 
176 1732 1 
177 1786 1 
178 441 1 
179 194 1 
180 765 1 
181 1512 1 
182 1396 1 
183 399 1 
184 601 1 
185 284 1 
186 1743 1 
187 1045 1 
188 1366 1 
189 960 2 
190 1069 1 
191 780 1 
192 97 1 
193 105 1 
194 1563 1 
195 1461 1 
196 1358 1 
197 1512 1 
198 408 1 
199 154 1 
200 178 1 
201 1449 1 
202 1126 1 
203 925 1 
204 134 1 
205 1359 1 
206 1882 1 
207 1703 1 
208 194 1 
209 1081 1 
210 3 1 
211 702 2 
212 1512 1 
213 1497 1 
214 1361 1 
215 1366 1 
216 1056 1 
217 932 1 
218 566 1 
219 1012 1 
220 1859 1 
221 603 1 
222 1661 1 
223 1010 1 
224 1358 1 
225 821 1 
226 1175 1 
227 991 1 
228 697 1 
229 1347 1 
230 1661 1 
231 1685 1 
232 1041 1 
233 1786 1 
234 1461 1 
235 998 1 
236 83 1 
237 5 1 
238 1685 2 
239 1512 1 
240 1008 1 
241 76 1 
242 1634 1 
243 272 1 
244 1512 1 
245 1010 1 
246 540 1 
247 178 1 
248 199 1 
249 396 1 
250 194 1 
251 607 1 
252 1682 1 
253 1572 1 
254 199 1 
255 1743 1 
256 1305 1 
257 5 2 
258 1358 1 
259 1114 1 
260 380 1 
261 154 1 
262 1838 1 
263 1512 1 
264 1391 1 
265 1010 1 
266 1010 1 
267 1818 1 
268 83 1 
269 778 1 
270 1012 1 
271 332 1 
272 1052 1 
273 1921 1 
274 1617 1 
275 257 1 
276 567 1 
277 1010 1 
278 1652 1 
279 131 1 
280 70 1 
281 556 1 
282 396 1 
283 347 1 
284 272 1 
285 601 1 
286 404 1 
287 1310 1 
288 3 1 
289 1367 1 
290 1528 1 
291 76 1 
292 1358 1 
293 1698 1 
294 1629 1 
295 1086 1 
296 1010 1 
297 797 1 
298 57 1 
299 555 1 
300 1786 1 
301 1512 1 
302 1358 1 
303 866 1 
304 830 1 
305 1010 1 
306 146 1 
307 1607 1 
308 3 1 
309 1528 1 
310 1426 1 
311 1519 1 
312 725 1 
313 396 1 
314 1512 1 
315 1753 1 
316 1663 1 
317 1513 1 
318 1503 1 
319 1315 1 
320 1512 1 
