0 328 1 
1 1436 1 
2 1626 1 
3 1577 1 
4 1453 1 
5 97 1 
6 309 1 
7 1639 1 
8 1680 1 
9 309 1 
10 289 1 
11 309 1 
12 1623 1 
13 1731 1 
14 766 1 
15 964 1 
16 513 1 
17 359 1 
18 1722 1 
19 845 1 
20 766 1 
21 1270 1 
22 1356 1 
23 0 1 
24 1316 1 
25 5 1 
26 695 1 
27 845 1 
28 1453 1 
29 752 1 
30 938 1 
31 1104 1 
32 5 1 
33 978 1 
34 1213 1 
35 1589 1 
36 1677 1 
37 855 1 
38 847 1 
39 914 1 
40 588 1 
41 1312 1 
42 456 1 
43 298 1 
44 1315 1 
45 1305 1 
46 1253 1 
47 309 1 
48 847 1 
49 527 1 
50 573 1 
51 618 1 
52 395 1 
53 117 1 
54 180 1 
55 1852 1 
56 695 1 
57 946 1 
58 921 1 
59 587 1 
60 1067 1 
61 1305 1 
62 512 1 
63 556 1 
64 90 2 
65 1436 1 
66 1263 1 
67 165 1 
68 552 1 
69 1677 1 
70 180 1 
71 978 1 
72 1567 1 
73 552 1 
74 533 1 
75 1600 1 
76 1799 1 
77 1545 1 
78 978 1 
79 1009 1 
80 1453 1 
81 122 1 
82 542 1 
83 180 1 
84 134 1 
85 116 1 
86 328 1 
87 1777 1 
88 978 1 
89 862 1 
90 70 1 
91 1453 1 
92 1149 1 
93 1453 1 
94 1639 1 
95 1254 1 
96 1763 1 
97 1791 1 
98 1788 1 
99 87 1 
100 395 1 
101 17 1 
102 1777 1 
103 1081 1 
104 670 1 
105 1418 1 
106 309 1 
107 76 1 
108 0 1 
109 266 1 
110 1602 1 
111 2 1 
112 1717 1 
113 122 1 
114 896 1 
115 5 1 
116 3 1 
117 1566 1 
118 5 1 
119 1145 1 
120 127 1 
121 309 1 
122 359 1 
123 1453 1 
124 1453 1 
125 862 1 
126 513 1 
127 309 1 
128 978 1 
129 482 1 
130 127 1 
131 1731 1 
132 395 1 
133 527 1 
134 309 1 
135 527 1 
136 1305 1 
137 1453 1 
138 1296 1 
139 978 1 
140 1623 1 
141 186 1 
142 601 1 
143 588 1 
144 527 1 
145 511 1 
146 978 1 
147 978 1 
148 1145 1 
149 1295 1 
150 1307 1 
151 978 1 
152 1589 1 
153 1313 1 
154 1589 1 
155 1209 1 
156 1266 1 
157 1453 1 
158 833 1 
159 273 1 
160 1312 1 
161 70 1 
162 1570 1 
163 255 1 
164 1453 1 
165 978 1 
166 527 1 
167 164 1 
168 186 1 
169 374 1 
170 180 1 
171 588 1 
172 1623 1 
173 1514 1 
174 186 1 
175 1684 1 
176 1256 1 
177 5 2 
178 1305 1 
179 1076 1 
180 359 1 
181 144 1 
182 1777 1 
183 1453 1 
184 1335 1 
185 978 1 
186 978 1 
187 1759 1 
188 77 1 
189 750 1 
190 980 1 
191 309 1 
192 1449 1 
193 1865 1 
194 1555 1 
195 238 1 
196 552 1 
197 978 1 
198 1589 1 
199 122 1 
200 63 1 
201 542 1 
202 374 1 
203 326 1 
204 255 1 
205 583 1 
206 381 1 
207 1259 1 
208 3 1 
209 1313 1 
210 1471 1 
211 70 1 
212 1305 1 
213 1639 1 
214 1566 1 
215 1051 1 
216 978 1 
217 766 1 
218 49 1 
219 1483 1 
220 1731 1 
221 1453 1 
222 1305 1 
223 839 1 
224 800 1 
225 978 1 
226 137 1 
227 1545 1 
228 3 1 
229 1471 1 
230 1367 1 
231 1461 1 
232 699 1 
233 374 1 
234 1453 1 
235 1696 1 
236 1602 1 
237 1454 1 
238 1445 1 
239 1266 1 
240 1453 1 
241 1841 1 
242 310 1 
243 1145 1 
244 2 1 
245 332 1 
246 1847 1 
247 1545 1 
248 1796 1 
249 309 1 
250 227 1 
251 552 1 
252 1390 1 
253 752 1 
254 988 1 
255 1307 1 
256 1667 1 
257 558 1 
258 1453 1 
259 851 1 
260 2 1 
261 839 1 
262 960 1 
263 1018 1 
264 527 1 
265 12 1 
266 1777 1 
267 1305 1 
268 77 1 
269 1305 1 
270 750 1 
271 266 1 
272 1857 2 
273 573 1 
274 1059 1 
275 77 1 
276 1551 1 
277 328 1 
278 1254 1 
279 527 1 
280 978 1 
281 960 1 
282 1589 1 
283 1483 1 
284 556 1 
285 703 2 
286 1076 1 
287 5 1 
288 1454 1 
289 513 1 
290 820 1 
291 110 1 
292 1589 1 
293 551 1 
294 512 1 
295 1492 1 
296 137 1 
297 1453 1 
298 1274 1 
299 896 1 
300 845 1 
301 77 1 
302 533 1 
303 1305 1 
304 92 1 
305 914 1 
306 677 1 
307 103 1 
308 309 1 
309 978 1 
310 207 1 
