0 334 1 
1 1449 1 
2 1628 1 
3 1585 1 
4 1464 1 
5 104 1 
6 317 1 
7 1638 1 
8 1676 1 
9 317 1 
10 294 1 
11 317 1 
12 1625 1 
13 1721 1 
14 1771 1 
15 964 1 
16 514 1 
17 7 1 
18 1711 1 
19 847 1 
20 1039 1 
21 1287 1 
22 1377 1 
23 0 1 
24 1336 1 
25 5 1 
26 703 1 
27 847 1 
28 1464 1 
29 762 1 
30 937 1 
31 1107 1 
32 5 1 
33 979 1 
34 1232 1 
35 1596 1 
36 1672 1 
37 857 1 
38 848 1 
39 911 1 
40 595 1 
41 1330 1 
42 458 1 
43 1757 1 
44 1335 1 
45 1322 1 
46 1267 1 
47 317 1 
48 848 1 
49 529 1 
50 576 1 
51 624 1 
52 400 1 
53 124 1 
54 188 1 
55 1844 1 
56 703 1 
57 945 1 
58 919 1 
59 594 1 
60 1071 1 
61 1322 1 
62 513 1 
63 559 1 
64 95 2 
65 1449 1 
66 1142 1 
67 174 1 
68 556 1 
69 1672 1 
70 188 1 
71 979 1 
72 1573 1 
73 556 1 
74 536 1 
75 1606 1 
76 1790 1 
77 1552 1 
78 979 1 
79 1010 1 
80 1464 1 
81 126 1 
82 545 1 
83 188 1 
84 138 1 
85 123 1 
86 334 1 
87 1770 1 
88 979 1 
89 861 1 
90 74 1 
91 1464 1 
92 1157 1 
93 1464 1 
94 1638 1 
95 1268 1 
96 1758 1 
97 1783 1 
98 1780 1 
99 91 1 
100 400 1 
101 22 1 
102 1770 1 
103 1084 1 
104 1323 1 
105 1434 1 
106 317 1 
107 80 1 
108 0 1 
109 268 1 
110 1607 1 
111 2 1 
112 338 1 
113 126 1 
114 894 1 
115 5 1 
116 3 1 
117 1572 1 
118 5 1 
119 1154 1 
120 131 1 
121 317 1 
122 366 1 
123 1464 1 
124 1464 1 
125 861 1 
126 514 1 
127 317 1 
128 979 1 
129 484 1 
130 131 1 
131 1721 1 
132 400 1 
133 529 1 
134 317 1 
135 529 1 
136 1322 1 
137 1464 1 
138 1312 1 
139 979 1 
140 1625 1 
141 193 1 
142 607 1 
143 595 1 
144 529 1 
145 512 1 
146 979 1 
147 979 1 
148 1154 1 
149 1311 1 
150 1324 1 
151 979 1 
152 1596 1 
153 1331 1 
154 1596 1 
155 1227 1 
156 1282 1 
157 1464 1 
158 835 1 
159 276 1 
160 1330 1 
161 802 1 
162 1635 1 
163 1148 1 
164 1834 1 
165 1322 1 
166 1312 1 
167 317 1 
168 1282 1 
169 679 1 
170 1154 1 
171 1312 1 
172 317 1 
173 5 1 
174 822 1 
175 1578 1 
176 1668 1 
177 1721 1 
178 427 1 
179 188 1 
180 750 1 
181 1464 1 
182 1359 1 
183 384 1 
184 588 1 
185 268 1 
186 1681 1 
187 1014 1 
188 1330 1 
189 929 2 
190 1039 1 
191 762 1 
192 96 1 
193 104 1 
194 1510 1 
195 1421 1 
196 1322 1 
197 1464 1 
198 390 1 
199 150 1 
200 172 1 
201 1410 1 
202 1091 1 
203 894 1 
204 131 1 
205 1323 1 
206 1815 1 
207 1643 1 
208 188 1 
209 1051 1 
210 1674 1 
211 688 2 
212 1464 1 
213 1453 1 
214 1324 1 
215 1330 1 
216 1025 1 
217 901 1 
218 555 1 
219 981 1 
220 1790 1 
221 590 1 
222 1606 1 
223 979 1 
224 1322 1 
225 797 1 
226 1142 1 
227 960 1 
228 682 1 
229 1312 1 
230 1606 1 
231 1628 1 
232 1010 1 
233 1721 1 
234 1421 1 
235 968 1 
236 81 1 
237 5 1 
238 1628 2 
239 1464 1 
240 977 1 
241 1834 1 
242 1684 2 
243 1154 1 
244 2 1 
245 337 1 
246 1840 1 
247 1552 1 
248 1787 1 
249 317 1 
250 230 1 
251 556 1 
252 1410 1 
253 762 1 
254 989 1 
255 1324 1 
256 1663 1 
257 1647 1 
258 1464 1 
259 853 1 
260 2 1 
261 841 1 
262 960 1 
263 1020 1 
264 529 1 
265 15 1 
266 1770 1 
267 1322 1 
268 81 1 
269 1322 1 
270 760 1 
271 268 1 
272 1850 2 
273 576 1 
274 1064 1 
275 81 1 
276 1558 1 
277 334 1 
278 1268 1 
279 529 1 
280 979 1 
281 960 1 
282 1596 1 
283 5 1 
284 559 1 
285 714 2 
286 1080 1 
287 5 1 
288 1465 1 
289 514 1 
290 822 1 
291 117 1 
292 1596 1 
293 555 1 
294 513 1 
295 1498 1 
296 142 1 
297 1464 1 
298 1291 1 
299 894 1 
300 847 1 
301 81 1 
302 536 1 
303 1322 1 
304 100 1 
305 911 1 
306 690 1 
307 111 1 
308 317 1 
309 979 1 
310 211 1 
